1739654957
1262632460
2870450862
5156251424
6244938410
5836279440
1221156585
2780030855
3261134763
1234552257
2719685772
1848081070
1577680003
2450512472
2610883974
5794278655
6332410482
5836550074
1295657320
5651263396
1823795742
1764123974
1323061061
2860842672
1783765043
1189313175
1683963007
1448215392
1732271934
1893410897
3147292215
5764930318
1847672711
6294930327
6306582527
5050897665
1780449083
1258220121
1678849605
1346525200
1750698054
3930688226
5524254784
1786977895
1261700994
1727006174
1756969243
2016802611
1287956672
1810037440
1768767410
5864386331
1261447875
2146965345
5074040353
6333611919
1295070554
2186152883
1742566624
1142770711
1243588075
1662262590
6080860681
5576276117
1794173487
2716484561
1808392133
6356582551
1632670404
1633681181
2295389250
1374149843
1262456801
1732588803
2482778937
2645022344
3460516424
1715351501
1234694902
2865341160
1286555377
1417037145
1261381033
1649650883
5095854449
6421290034
3508983675
5627163498
3888328798
5985874882
1866139684
3555030877
3916218412
3956563082
5736546094
5146162476
6029146228
5089310712
5786699008
5315734916
5264033202
3853348622
3719409544
6028701813
3291247204
5837504363
2606946212
1971288571
5359528613
5748272670
5230446468
2245857841
3011695367
6408614978
2839889603
6421240148
3993741551
2671159474
3887298853
5716158937
6001065853
5484289666
1596227707
6047177883
6422028774
2667524863
6208707611
3899738240
5685114516
2464303034
5890688818
6362862366
5459761098
3293601060
6023602890
5824093536
6299585770
1887780404
6402535937
2251518587
5338078029
2489527181
1956016497
1458783375
6406950455
5943643010
6415126451
5135454203
5682514200
5310142193
5408721755
6336711311
6221991475
6427831317
3945512794
1829190024
6383048240
5081200850
6427545517
2869453841
6421513890
5562749984
5860327685
5600046333
5917731645
3898639478
1907371515
5264925101
2609218387
6427584595
5835217743
6421296495
3626159112
5979989978
6075472316
5523260646
5862000474
5508302516
3841508326
5349438985
5642794186
6367766733
6360205504
5969781198
2862699860
5702341141
5045777646
6198354634
3047607121
6424677943
5081312387
5699876308
5638806903
6428371086
5118118444
5217673484
6428370649
3015154507
6428101989
6422431030
5082935765
3890187827
6274846157
2482075713
6422677145
5943926863
5859116601
6101949276
5385608393
6383174602
6428108703
6426263478
5319134649
5083811145
5861256508
6090528684
1631042763
6254393641
6203459110
5802486283
2267067683
6010810614
6358516016
6428276309
5819309697
5623317302
5894720490
6428044105
5699013334
5081322778
6351728672
6359716752
6421459124
5902625445
6094352582
5115848725
5936246511
5129865165
5309278005
6428371697
5712943874
5843638275
3972089627
2900430237
1781929507
6213551139
6425933319
6345801800
6067283334
6421399385
5635048086
1828255800
6418245777
5682398691
2352553660
5936955526
5030452403
6428376107
6392244966
5045360344
5701995871
5711498021
2797710451
6211286800
1409443773
1256857734
1712356403
5226383199
1992125301
1413137310
1775706275
6216806148
3054593583
6187928277
1705224400
1646446167
6030122701
6428109434
1950335291
6397844676
5080555713
5459602528
5295028004
6428376107
5650657849
2363425137
6276664399
6374967394
5643445779
6012941542
5458634247
2584386904
3223884763
5456092264
5446438821
6343269460
6148209557
6428024680
5936715921
2109380212
5688522935
6390232626
2030232621
1751362214
3946154755
1904671130
1885688010
1744096054
1901438353
5860443567
1915843283
1869963167
2521409795
6424020824
5725865301
6359390533
3909081367
6334075154
1820043612
5674656744
6396721388
3101236065
5827868856
6419228806
6362749169
2278831801
6051280015
5456134623
6174074195
1302730214
6428374290
6428109522
5201839420
5910327723
6001632876
5076091456
6369476164
6092646359
6422434283
1889169327
1810056021
6058150114
6051528547
6364071135
3226730233
6428301617
5936945355
5881768456
5688074320
6422677339
5580258874
3473990320
6055339786
6428377984
5826365365
6428110526
6104480410
5764925165
6115019844
1921320553
2160861275
1189538011
1670474641
2354644175
1288739185
1066995495
1935110044
1596771247
1655363172
1343887012
1730732390
1995569355
2891939931
5996184614
6240904161
6003664101
1843036267
5479058657
5724243736
3449951382
1854185483
6428112912
5313622600
6408442137
5082995308
5045859800
5771925926
6296096050
5689257082
5955365443
2208979855
1603034341
1496952253
1925723352
5524220254
2302781822
1867042172
2091065392
1965715555
3506400592
2181083390
1768064442
1730077315
1243861097
5764605043
1715022302
5822309693
1839673641
1235733435
5211462245
6383884587
6422680184
5284102150
5320089244
6326024323
5217078317
5653074076
5130625444
5650500050
5938678901
5316434411
5896475159
6237676880
5940278895
5129780380
3173107552
5541818228
3194145547
1910421063
1227368500
3042369540
2344543981
5487360010
2140894175
3720762560
5293525110
5088480611
2595778321
6409624299
5489983878
5747395497
6427678312
3576546121
6105965220
6400624679
6124680166
5869812998
1985082614
1977661584
6351997712
2292754667
6357140883
6172473904
5331823123
2653639741
6217427571
5831022029
6030986515
6398114989
6428116303
6422681280
6321193236
6130975397
6123905950
6422020748
3808848339
5517520384
6107714646
6083296495
6337987266
5884953458
5907515122
6422640616
3616254704
1846173012
5541885607
6421396061
6284812655
6343247087
3479219341
6421369213
6428117736
6420078468
6428117483
5661047339
6428255133
2504643664
6409981599
6228979082
6342002412
6248728603
6386636766
1646095640
1011478655
6123015086
5561103287
1758438165
5937840770
5706705853
6039402445
6422681854
5381962265
5853737156
5770747700
6422439315
6428382134
6172473904
6419494146
2693786702
6422439707
3117096265
2710784951
5556403195
6428381350
5331880519
2463451885
5722668075
6422682184
5729041279
2605016567
5936707087
5587448673
6343999674
5878436195
5787211888
6272221542
6359142663
3868733373
3909439258
2566104692
2035869207
6419423469
2764917265
5493944467
6115047556
2254288034
6428383275
6324193889
6214983366
5986118099
5539219913
6012272217
1746489873
6380201627
5705577921
5694063159
6075806927
2923600515
1108573244
5385315179
5838222125
5315110100
5080435719
6422681916
5725427252
6368370860
5882216713
5315110100
6188832407
3547326233
6409271489
5614438865
6428383336
5658435885
6336643738
1423925891
6324841304
5976665050
6428249329
5904389016
6422395319
6223146553
5189315112
6295154420
5130567245
6422679051
6067491295
6348574875
6021078313
5884011176
5466273492
6089366019
6384328108
6098281758
6428383144
5854217852
1655526104
2438867634
1496855785
3856741884
5663653887
6421581816
2461417767
5395651152
6046112753
5582108395
5680768567
6428120316
5086582262
5285807413
1118308432
6428246961
5576247257
6388062389
6428119863
3098169127
6428109651
6403531731
5742212104
6030928807
5501941680
6296681814
5983076598
5855497148
1870093494
6039539214
5754819699
3579935570
6334807471
6427967444
3161571604
6208079118
5936576130
2272883743
3788031971
6428268095
6422630331
6428119387
1138841422
6406724804
6317914966
2746786334
5679173953
6426094285
5848956532
6179400609
3278262654
2296599330
6428119878
3967456357
2719355230
2427428211
2684201087
3887973668
6428385279
5609120046
5666247381
5842699185
6428384581
6403369370
5616403969
2712034237
1117822781
3891607831
6357001723
2641981163
1937757795
6067534390
3983102017
6422440848
3891915680
6373130372
6351133622
6032488721
6290610669
6416137132
6108336028
6207899499
5047239934
6413268254
6422440546
6428121308
5617974605
5991307565
5080434273
1008086493
5843561696
6357290533
6422637811
6097935048
5920271938
5688880240
5518131575
2234766447
5886093595
3224931431
5574337701
5379806220
6413362639
5591540093
6428121822
1868683720
5936938395
6317433863
6349054182
3177550751
6422441885
6423747338
6428387993
6426535341
6411457451
6423865714
6428121059
6428119139
6428122560
6428387216
6153350856
6409568118
6096034653
6428387126
6417933492
5147472919
5827505845
2478851484
5760349263
6398391144
5979611065
6422442012
2473841367
5436412637
5195311891
6428121975
5281409793
6027847053
5352087100
2665567463
6387226570
5129864496
5927938545
6183815367
6422441633
5081201335
6428121995
6422441183
2945580277
5944411339
5684089381
5737491498
6422440777
3487237984
6422441702
5834828094
6403968579
5991067194
6388863371
5139548208
6428114763
2976996673
2056248127
6379420886
2442343485
2640557385
6424055936
5265143505
6428049596
5602204576
5229933434
5512121483
6428388181
6397613064
6428123533
6428116037
6101664883
6414788590
6428368715
5707970212
6428114388
5259537582
5088013611
5463697278
6009017330
6421609880
6428385604
5481385660
6034096649
6008847175
5889211011
5875845696
6042226112
6059460170
6421399413
5867751883
6392296935
6428123543
6421394588
5984667218
5737067233
1651261375
5756285170
1163443140
6427476869
5975413557
6428224115
6276238139
6380864626
6429466469
6367430703
5958313987
6427567157
5510723486
6387500538
2639420561
6389265178
5684092292
6078317795
6042536373
1778742953
5664681059
6312744364
5564821422
2880519575
5879511488
2894946407
1750230391
5098357320
6337596090
6325038465
6399875948
5352928157
1910171127
1918239341
1810802952
1662423795
5581473993
1642500775
6178611444
6429439336
6422740388
6152187580
5771588705
5747905270
6011818170
6421540233
5874649260
6429434457
5643382754
6427824789
6317124108
6429460656
6079420204
6180254697
5856263762
6302063287
5494757395
1798611665
6077801253
5474534259
1384952882
3960037780
1765870915
5071488810
1743040097
5940050662
6417286059
6001461391
6329013343
5635970647
6363263163
6429467255
5889675963
6174982690
5015810060
2997332984
6429718092
5130100098
6422497076
5515794136
6107757782
5834234746
5734835086
5759305997
5824150353
6403843649
6148506875
5637864278
6118528496
3936249856
6084534373
5676647666
6428461043
5023803548
1250707037
6268515840
6060165217
6422738157
5481691738
2441231407
6419886415
6254442212
6422740667
3145584673
6429467948
5786377111
1792673805
1769165581
1443811030
6373499420
1834479492
1617478754
2100127152
2255058517
1886903325
3937348351
5977703722
6429465155
6387851369
5617542953
5579036258
6429468105
6251246593
6022202381
1377828950
5842207951
6317800021
6174045777
6422457294
2651878771
6376515805
5949625757
6429459290
6022202381
6172776667
6075501186
1736988591
1223165983
2121665301
5572982622
6362271407
6411449886
5888213198
6116633565
5668935386
6270590479
6392916175
5822569876
6422740712
5704654514
6268269328
3889879468
5912146405
6414108144
6142975716
6426726266
6408420519
5902517011
3044614580
6403364392
6422257061
6118699207
6173955345
5847592557
6036783680
6429467604
5045753465
5754016680
5508427402
5403588785
6352654444
6421321925
5988343848
5987957388
6429713264
1573601684
6411538480
6429469408
5838702431
2613635927
6413063228
6414499647
6429467075
5256689965
5691027266
2722749737
6429461733
2679891077
6425328438
5999851712
6379426155
3136167943
6429720026
6429721064
6146977162
6182213187
6006447231
6357487277
6126343513
5893626115
6319341041
6429718634
6091458773
6378811746
5904096941
5620164513
5883473695
6427956764
6417092584
3744349227
3730789545
5382063121
6124564970
6091165633
6034454543
6021468983
6268048727
5519278063
6427632284
3187852620
1424612487
6037345998
6346782668
5519278063
6126220760
3927311028
5921519729
5914059925
2137942597
6193116609
5815803789
5485017644
5284756795
1911874044
5822018027
5690394648
6429718348
5700058340
6008082905
6064223067
6348046214
5736992347
6294939294
6353009681
6429722098
6281061025
3777134901
6429470121
6427664275
5909360763
5285384455
1287604042
2778748085
6006482023
6148223926
6422498949
6170468008
6429460808
5678588261
6421796210
6377003549
6422498528
6428461927
6373924449
6141028518
3031907544
6422742163
6177703186
6203429406
6429470716
5674846943
6367391905
1914242067
1637932710
6429468253
5317954737
5082976127
6410633759
6352292909
5663874127
6422741173
6424053710
6402325902
5487705827
5250088269
6429470019
5322333916
5951747277
5228094143
6115234982
1406036347
1146399707
6429719570
3720524381
1771465845
6022464723
5205095831
6134253744
6429722737
6422499962
6398028975
6429723337
6429723426
6429688756
5831381388
1915419027
3101617151
6429723483
1658768790
6418632425
5988107764
5262066854
5703210777
5473324462
5715261795
5640409360
5260909880
5847692473
5905787213
6429467939
6403367955
5618244070
6428161308
6071026610
6246408284
6222428127
6206972461
6025411406
6429436272
6427683290
6376834380
5909924931
6050903293
6429719526
6388232707
6111804495
3808389393
6065645753
6412886681
6424799361
6389329266
6394979055
6404433341
6422482684
6429462233
5951599080
5838215157
6429723364
6427672109
6408032502
6356987121
5520124660
6217577720
6034024048
5936711972
6415499347
6422500310
6223131933
2322308855
6091016778
6427465525
6032752176
6429469592
5684731588
5642741983
6429463337
6390934068
5936246722
1763982431
5307440809
6429721658
6222536058
6429690529
6422742790
5715764433
6429719131
6427656229
5957829171
6410081684
6374521432
6323205922
6152218928
6011952972
6083174791
6084058133
2261418161
6089579044
6111122387
5789346029
6422500382
6028008740
6409025228
5930654591
6069820865
5653915234
2651608532
6321022921
6422500588
6115322592
6159469370
5578873702
5880214693
6429718564
6427722718
3439875360
2219368761
6233067014
2695762232
1742741072
1669879400
6296971065
5819324284
6377952304
5783395220
5692209040
5414755666
5108454072
1217653464
5896532661
3273992901
5663674525
2566291034
6221394169
2835724503
5099362239
6326495838
6314627528
5977676476
6429472999
6429471505
5723189257
5949765890
5783395220
6410286488
6331715152
5583222138
6427966552
5949347102
6346849363
6025803726
5830713193
2009695493
6429474098
5081260855
5761268155
6390412237
6126679540
6212098196
6418143082
6429724606
6429725839
6427812329
2903527284
6004220942
6429725350
6409999544
5653885220
5650332548
6428444008
5656311982
6429465665
6388022288
6224226326
5698322834
5695205630
5405170528
6429725886
6422742224
5872262529
6389210099
3793352770
5574058943
6360710175
5938078607
6427492406
6175196861
6429474207
6081355382
5996043704
6411704764
6169437530
2410126704
6403717677
6178480553
6429719606
5043166222
6427765945
5822401539
5581669143
5601833253
5974331556
6422744027
2572635635
3173729254
6429470766
5983874422
6001107027
5883455644
5725515186
5891208142
6091440344
6343702709
5259703252
6429685305
6429477348
6426384301
5251504490
6374541268
6302004812
3439641142
6152176884
5682732868
6333797458
6428209468
6422744494
6337220569
6422721074
6375023289
6386159787
5585803926
6429478402
6429478358
6091411390
6200362204
5861256778
6422502993
6116664601
6424943489
6422942206
1663088660
1236700981
1771295435
1861696610
1218981184
1748978720
5381599184
6429721031
1763078741
6336943376
6355740094
3316670521
2463975972
6422503430
6429730420
3965263768
6083616707
6429730157
6004166122
6057369525
6351792960
5940264225
6387401220
6226400648
6418632768
1722594714
5398273056
2273312934
5428670601
3274901513
5604001068
6413302394
3242285423
6019184819
6429730081
6420189122
6203288478
3888013494
6422503739
6036056396
6087468305
6421559668
5363265936
6402202649
6429479410
1860697762
5080603238
5976642843
6429729171
6429727959
1559721081
6052288108
6405895006
5579634978
6418835582
6427847073
6429729769
5107544620
6428172767
6009165830
6422339169
5912127955
5596850381
6422739095
5978928723
6422745207
5679416334
5333078782
6422745460
6429464725
6422746700
5900017572
5893168043
5089011116
5084015806
3850399282
6419876957
5878894435
5878414824
5276990992
6429480103
6207434370
5634338759
1083154812
5834676341
6422746510
6142839230
6406746316
6422503720
5317713756
6422503739
5994360017
2385328323
5849581173
5833583486
5836258241
5648610945
6429731591
5415749931
6375821321
5599824107
6384160556
6098934904
5405342871
6359961303
6421601108
5790006469
6008928725
6415625671
6381421372
5490054384
6428453833
6429731918
6414409720
6429478102
5228689053
5822157549
5311457381
2503469407
6152170953
5732715909
6066246481
6422746132
6212115888
6104213508
6429729418
6297422892
6389868394
6429727367
5983614368
5625696386
3871128490
5327997850
6429732472
5787415814
6046165239
6016981033
6353466740
6352768782
6325065835
6422503877
6191112803
3480725151
6419933216
6429732687
6115142193
6378429769
6429479188
6017612749
6408049037
6401477952
6429481253
6200078207
5901382575
5527098028
5472990459
6426023224
6283811475
3907451903
5263231415
6429732719
3310606270
6422490487
5143514007
6384000422
6056967940
3907451408
5814186640
2987886215
5120750855
6271675149
5819575461
2659696681
6096018594
6025553388
6382667641
6314688260
1711479087
2980725695
5145756683
5346364822
1084968780
5162839775
3035759493
1667999147
5505062773
2659690972
5656202737
3593955751
5687082645
6429734378
6156739694
1141863242
5693361100
6381384608
6429734549
6429452368
3930478675
5868163648
6422701959
6345593342
6422504264
6411256061
6409852038
5893494982
6004348382
5973914451
6429482933
5860540064
6022627245
6429728541
3247274362
6209980300
3887061432
5541471503
6429470500
6429729289
5256919402
6334540210
6209883346
6391023229
6390473033
5591484669
6395043286
5684294287
5449960836
6011558555
6427945494
5082705789
6421208580
5262362386
6416317501
2106426783
2949395047
5087807239
6222851206
6422747415
6422870849
6079658028
5037799622
5899896549
6205626819
6329422641
6382328198
2772288943
5859406141
3278765572
6153774934
6382590338
6371069664
6213698545
6255207001
6429482059
3637057541
5686696322
5244175326
6422503998
5669742114
6089305227
6422481962
5994359357
6146618641
5863794635
5234084620
6054545732
6191112803
6429481651
6428181037
6429484063
6333616019
6129845067
6040964454
6429479436
6210621622
5300766880
2265505467
6423086982
6428459439
6429482774
6421333472
5648560561
6422451257
6422505009
6429481809
5123747212
5992879770
6226525003
6193984956
3804865714
6125636001
6087612831
6386257492
5402398258
5699489029
6068224227
3270777563
6429735143
6142820729
5824998720
5941715334
5237987973
6339966115
6047156685
5217815126
6403909027
5527868505
5686943890
5794571014
6212038278
2415109262
6429734646
2463108673
6418002846
3939757745
5889381123
6429734281
6429734549
3255403792
1276314124
6429735764
6095776149
6235211857
5536887974
6429484506
6422502242
5897049879
6416366190
6406990288
6429736064
6422745161
5645925910
6429474656
6429477021
6207508845
6429736033
6120737851
5772414369
6422748807
5812795297
6041975997
6152200509
6422748315
3930014725
6422503402
5833985382
6429481460
6429730557
3228436357
3242987575
6429483868
3478885677
5332320332
5530907848
6427578674
2007084847
1670972922
2839299675
2287430157
2935486187
6428409830
5081253931
6056591498
5930490680
1784825491
6429734338
5540612086
5821096692
5680590425
6422717067
3916426195
6422506166
6429485029
5516746132
6231471652
6429736715
6429484379
5891848465
6388045878
5584967394
6211278877
2644278047
6414240274
6429709110
6108349037
6011105212
6429732571
6427970900
5444685482
6422499683
6429722843
5716051868
6429736314
3911384033
6429733942
6235211857
6422748807
6429484110
6425911645
6429484063
5537125065
6422747182
6401387807
6229346377
6022580969
6253636046
5373208243
5744709262
6429485566
6316187626
5664749670
5938834936
6247376403
6416104855
6422506212
6422506528
6429484589
5197784878
6429485266
6152180457
5707128619
6428241743
6080287108
6425905627
5186309006
6429480684
6429483514
1567111071
5710919406
6380157775
6428123876
6297072315
2544247185
5894798842
6422107826
2363634051
5970683566
6212079011
6024094689
6429482865
5516043929
5277010661
5594234065
5654639892
6180598304
3565628837
3246806594
6429737962
6294426397
5903745059
6379793330
6427932146
6429486091
6391080085
2155055385
6429738119
6427570283
6098165666
6137809087
6429737962
6429486034
6102731154
6355098811
6377316102
6429478277
6269471041
6429734455
6404823323
6313425382
2814860780
5535610053
5402494798
1245510307
1838905357
5404102400
6429705488
5655702047
1216834843
6092629134
6099919895
6076880738
5197895189
2909893083
6422506909
5262150685
5980489606
5894928195
6421483726
6033627829
6071859703
6429733660
5683551959
6418792663
5576365136
6093428669
1589445541
6123036446
6207905218
6381107951
5723401583
6148456087
6160588070
6244303637
6318580557
6427589702
2027144905
6429485015
6422508118
6332279143
5097332838
5154807050
6415846900
6413503260
6429487910
5732992175
5167583751
6428172001
6361135384
6377915090
5366012815
6429735204
5717606182
6429488144
6415421723
5586364981
3055405205
5601695552
6364235708
5877500321
6429737342
5251246586
6278220726
6227604370
5976272163
6429486446
5652549448
5401531380
6419249348
5658515722
6146010726
5605725490
6052724342
6422507852
5261001385
2565397612
5684812306
6422507681
6429487694
6427910749
6429738970
6407667442
6421100989
6429735949
5681306837
6283727036
5726861808
6422632942
6099937705
6422747049
6415494594
6422505249
6373857446
6422750989
6422751208
2104286067
6429486561
5937034049
5721162516
6068202359
5617168269
1894867811
6429737092
6350909312
6422507944
6085289321
6399751098
6429735581
6037647999
5590884924
6106307232
6429740391
6429488627
6422464564
5986749058
6030605719
6428313528
1921735940
3136635505
6426397296
6195784171
6314874988
6429487440
6429732248
6217339562
6115585811
6422509345
6138137341
6389259488
6429490742
3548704523
6422749381
6031959566
6213274314
2237109267
2339295923
5462814448
6152185803
6429742418
6422508974
5863612164
3646609420
6429486761
2323340585
6016908172
6379152181
6422751107
5365399630
6429489605
6164765886
6038488483
5512785791
6422751384
6262039717
6429740916
6422508808
6424024980
5891102375
6429739280
5609899030
6428028179
6202836457
6230752409
6072241879
6422986535
2337557277
6422509064
6395372028
5979069693
5760278218
6345585742
5292636609
5259373759
2922859535
5818564971
6173067878
6077891027
5518362128
5737836043
1006278481
6429488028
6343115789
5951421498
5026975486
6422751305
6080452046
6131608667
6429487964
5738709242
6406802903
6422509582
6249511146
6422509501
3945684726
2446342943
5648741921
5280087395
6422509524
6428189491
3907442808
6023338568
5904575752
5889543757
6152204584
5985495139
6416236002
6306669841
6063373040
5262288763
6429742703
6084621215
5105331793
6058444242
6427579410
5794883314
6429743188
5457739283
6417316559
6128100519
5893522409
6118172108
6317466449
6217115101
3210008592
2897723494
6105887043
6142836923
5108742344
1747534564
1237313773
6422510921
3135664113
6036831603
6408938285
6429499542
5834501305
1779361481
6429494056
6054521591
6421395036
6423186348
5905778248
6429747890
5602889742
1792385667
3987695986
2291786225
6429496534
6429499769
6351831011
6174850460
6142977589
6429498542
6004037181
5512857924
5727797542
6354453427
6429495003
6429496347
3702563865
6063146072
5957457840
5876488833
6036376098
6103027854
5600046730
6011421040
6429499112
5094206324
3800692479
1792392173
5737836257
6212136055
6429497943
5699086321
5946201587
6422754823
6123148712
6429749644
5138601308
6429737767
5539996764
5223200886
5137345226
5116002501
6429462601
5516512602
6147036962
6379250157
6311174661
5313836862
6429498413
6364162188
6429749456
6416144825
6404620361
6010791795
5869719216
6398387881
6049428200
5936477311
2794131467
2270752054
5790545370
5707251102
6012396427
6142976104
6408223706
3225629393
6429478877
6064490162
3878181330
6422754929
5923585051
5963334389
6036992411
3876178799
6429748836
6177557710
6184518987
5623948489
6009030807
5885912318
5388288562
6328595052
6422402319
6271879482
6357944896
6429749505
5985332985
6229318613
6429494557
6337426512
6422509372
6152836449
2776979895
6422511208
5958024099
6259256529
6422511328
6411704476
6374185164
6422512462
3317908541
2628368863
6385507527
5662042820
5227358910
5196380322
6378575027
6326702740
6268363665
6312976984
6243800561
6367234249
1785781357
5940164012
2642926911
5493804457
6429745638
2401690065
5593931952
6207279357
6422754269
6233058553
6422493986
6404306672
5852184292
6429466432
6422746796
6415995124
5641768364
6331784628
6422512247
6428195588
2275983692
6068871680
6422758248
6142842178
5894044920
3774882193
6408831156
6343662189
6422755055
6228623887
5667561578
3687429727
6426704695
6422515571
5282211101
5565087739
1599564554
6150500328
6391730949
6095087817
3479659552
6429498165
5093513690
6274429638
1573274000
6121933921
5847557075
5095518502
5994917838
5576105459
6273343423
1765809505
5866518063
6429500885
6349224661
6405332578
6371079883
5706998828
6200373588
5274309289
6429496933
6422514619
5677636802
6404913872
6422758289
3032096262
6422978476
5389123954
6313085904
6429504041
6426713226
5556752042
6369742843
6416056366
6117922556
5505743489
5849078980
5938734150
6097954580
6422756039
6185185253
6354214208
6064726427
5814148790
3145371393
6212683011
6429745235
6429503538
6083962157
6126423156
6429732301
2201980395
6015867605
5148009538
6429451939
2950315051
1950498574
5585785814
5887596005
6429466569
6429503377
6429755104
5733148235
5949835677
6422755062
6347928764
6426541108
6104235048
5723986977
6404661317
5656805295
5934274845
6015950357
6422754115
3135991887
6345242495
6292370417
5912391919
3939226066
1971441565
6429754889
6212247886
6428433741
6372849031
6371301347
6410840668
6422513480
6142850980
5987923046
6222434305
5665615744
6429498530
6264163468
6021267446
6429501860
6429502158
6429504472
6315239458
2515961530
6330344391
6429754857
6171301940
6429757148
5845514544
3919798252
6429504520
6064196895
6388678323
6429499806
5629305391
5727124269
3678242515
5964224470
6428146788
5910953969
6429465723
6346755568
5321722595
6019325616
3869803207
2232075857
6025989653
6311548708
6422516170
6369785941
6383954809
3170277255
5513541724
5456365544
5703847510
6420232783
6343819488
5321814910
1627886651
6421718326
5990108861
6429494080
6416203518
5453360864
6422758612
6002641863
6418154432
5845771747
6422982753
6429752118
5960467453
6421584691
6376814649
6416130628
1828420134
6392947681
6040150872
3208763395
6109502123
6426131204
5333526802
5294985681
5878863755
6408693547
6429751852
6394376774
6420337604
5509942048
5418378724
6318958414
6060327403
6422756593
5939044712
5208405731
6195679330
5983327976
6320699425
6429471581
5546709764
6280358270
6034507812
3917677902
6429756376
5585482748
3863298930
2619390253
5792772143
5615851403
6135195597
6124107031
6420014452
2915961810
6203503589
6133800528
6428454889
6215753330
5983627133
3291356247
6396949065
6429493077
5856898604
6429754092
6142004205
6429506859
6408323581
6422515818
6420724081
6422759564
5770445899
5825922448
6416496329
5255693985
6303163770
6411643822
6421559671
5626259522
5404389064
5637784554
5824670551
5124171694
6422758675
6057964663
5027364273
6429504787
6135050762
5593628987
6303688195
5974302592
6122441021
6429506505
3944628490
6383574889
3908703427
6368043404
5702387162
3814789449
6357610135
6393751359
5672887344
5684015485
5873893734
6422517245
6429728879
2255752413
5697584161
5375155560
6417000677
6379074444
6095567244
6429758129
6015403035
6378172655
5674209130
5607958496
5898351754
6276068983
6346789946
6342280644
6429432498
6429505283
6025950937
6420208660
6155188259
5997899267
2014723162
5410309315
5869371787
6027753967
6323915149
6074718839
6422517472
6422238578
6404459080
6422270273
6429760008
6404390993
6178487806
6114846240
5236221420
6090436490
5949552152
6422758647
6427846047
6423864115
5853582609
6422760216
3899794052
6373065702
5620601385
5825578613
1893838157
6360808153
5343070316
6374954889
5886118726
1662369394
3805370414
5899965625
6342498032
5859860120
6398124224
5327851009
6263566697
5657596874
5831294712
5130737329
5271144176
6098341344
6422517322
3162142004
6375044165
6027359561
6403588781
6377677108
3607640294
6137490717
6388214061
5936984668
2355212803
3830355869
3175420682
6402900144
5393869892
2207004007
6429509013
6429760077
6404863618
2712783995
6221181640
6429759849
5936946268
6429758914
6429760275
6429760291
6398068063
6404704307
6422706104
5825772478
6422516933
5851158971
6418684551
6429508740
6429509013
6429458787
6347530910
6166565762
6428100913
6429495178
2492445027
3257105490
5675438585
2641090303
6429757467
2638232087
6076577837
5458074522
6156689630
6428032422
6429758512
6420131293
6429754321
5077459921
5166896273
6263808261
5694628076
6283863340
6429761520
6429758971
6421469715
6386565503
6429751907
6308505940
6429759386
6357446199
5735050678
6429760721
6429720925
3904873223
5694378558
5426262818
6011563764
2361546381
6389919803
6414526220
3086976695
6396501834
6117380352
6429761134
6371230073
6044395693
6346979662
5891009955
5576636677
2138318381
5706641568
6034010974
5828859657
2450316140
6429509368
6422760590
3481370765
5875248384
6429509308
6264877240
6422518061
6429758840
3982284096
6422715458
6429496610
6271624728
6422760600
5995600569
6355152516
1697048110
6429509204
6427999001
6420112805
6429760613
6378552669
5044804085
6422760950
5306030612
3894722774
5251640412
6166350000
6017804719
6351719567
6125790446
5379550277
6417954382
6422760743
6071995914
6318224557
5841714425
6429486571
3889901714
6059208990
6429761611
6052332064
5393114293
3735595492
6429762309
6037890558
6422517700
6050497848
6422761279
6197276242
5508671325
6351586147
6425241823
5531955985
5847513825
2818894367
6422504927
6407664059
6422518385
2241518577
6397993985
6010580501
6409664006
6189236403
5206971443
6195882881
6421955669
6429510506
6429761845
6384014062
6192182559
6411444867
3013009167
6423783074
6178037067
6429510448
5648206766
5873969660
6050836141
6017992722
3976518148
6354806710
6114794316
6429509017
6008238790
6141901802
6429762264
6422518795
6429760263
6412417104
6414273329
5867535901
6422654001
6422761279
5772846502
6429761506
5025883182
6427474906
6422708526
5972699680
6429509118
6318482704
1901656781
6210687747
6429762914
2978081497
6410010856
6428013208
2166549384
6422523111
6429729392
6329132376
5731920515
2608789167
5750951328
5427390977
6130750244
6422522569
6422760893
6422520184
6429518909
5370844974
6429518679
3974166944
2075892997
5590248091
5690422029
3662981013
6416986318
6043027376
3803217807
6429437943
6422765549
6429733606
6422757706
5996100239
6121861319
1768668022
5999897333
6067598631
6429771385
1723261380
5367927061
6006371247
6379258452
6428280348
6346108909
5307629070
6174761828
6403114760
6315455789
6324251111
6429508567
2288535883
1836657180
6258036600
6424149170
5082929351
5810725980
6422523151
5553413725
6422522193
5513448818
5693455996
6244998082
6402937431
5934159101
5073152622
5927939132
6213036581
6303137997
5974364455
6422765654
6422523111
6429520886
6429762124
5505708897
5980044677
5483856901
6122620127
6428178709
3889818651
5556761421
1338555182
6369036763
5775264261
6203362465
6386453060
6429520187
1195904321
1959764347
6429769464
5641631832
6012912113
6156586992
3565757300
6029081853
6401587527
5653430678
1878335471
5564372661
1003885314
6429772322
3194250405
5747302024
5641213455
6383014196
2879261450
1247263945
5179417935
5500287792
6416275129
5379213655
3221442404
5160124833
1923590461
6422523312
6378589606
6364596026
6038455541
2802699540
6154690788
6064321077
6394367272
3314229713
5991437096
6428457946
5518854681
5493369247
5669468532
5480027231
6428132109
6352178880
5589165684
6422764834
6429517823
6378413624
6416514036
6421492261
5699832403
5815557544
6397683883
6062244664
6408193998
6048113339
5869980294
3182871421
6028926943
6403888918
5869563035
6377430738
6429508937
6429762283
6422495927
6429772335
6003516985
3961924526
6148848387
6346315132
5557414015
3748011412
1740346671
3835526753
5192579354
6429520965
2430532067
5368194366
3224659750
6307103319
6016872373
3208657660
6422498508
5788051707
5444605289
2669004665
6335367894
5647633720
5621461855
6422766466
6392770111
6065900095
6178755874
3994900858
6225194581
5599652071
6299546412
6337818870
3223196575
6429517712
6422390135
6343368214
6422523653
6339854948
5900115999
6342423253
6384434335
6353489875
6163280221
6286931620
5526864308
5213400578
6422766082
6429774346
6034967120
5129977118
6343895988
6429522787
6129708917
6101002028
6390370104
6205750884
5480901212
6429771789
5761343204
5398693769
5711803353
5933104711
6422761443
5238293009
6425237392
5606522464
5982979678
6014983564
6395430227
2152480283
5160387642
6004164234
5364231944
2736324820
3022935631
6384217706
6155714825
6424916789
2835608814
6205694233
6012667385
6429523404
6429523121
5834253030
2752115965
5870261773
5050398869
5996349813
2721123255
2636690263
3284357290
6104375793
5776364515
2239241681
6429515573
6389993145
5663251891
5923095086
6429757306
6429773038
6054159420
2702029454
1648304357
1739545810
6429775698
6047378138
5852507350
6363088943
1802148685
1342856441
6247188489
2530520950
6429776065
5027826916
5299210284
6429524038
6429773423
6429459227
5843803113
5655154253
5749814908
5856629153
3900367218
2019794092
6429519734
6429775895
5582336612
6422763422
1880013782
1307418975
6409679060
6422524622
6416982852
5831025527
6429522487
6406669423
1789721751
6422402793
1720788860
5375655640
6330350696
6428405446
6203636970
5658125698
3344952824
6347340218
6429775132
6068834617
6429524341
2141655872
6020077236
5792618627
5284285623
5861412117
6320585466
6382282787
6337482824
5538789024
5531023291
6031612244
5622267234
6420926146
6410084520
6414042253
5083969692
2605815521
6018262477
6379742013
6429523404
6386565333
6429514467
6369499833
6422523551
5849304934
6381791827
6391338716
5604372211
5386050013
5693230911
5907305057
6160662925
5680557653
6243951685
5850184814
6088058423
6017949575
3806795578
6428177581
2261637125
5384270688
1736630957
2164005140
6346572572
6429518360
2489118112
6428324777
6419033622
5270468452
5243929794
5943078005
5869357256
5817507363
6429525559
6225653051
6072590614
6265637492
6195795968
6425230463
5995338283
3631148755
6186951943
6045424702
5867772315
5805183926
6429764640
6071972433
3188208652
6028677148
6042567964
6429525105
5276952525
5283246634
6370874791
6375069991
6411712805
5671844511
6422524632
6422514218
6422765407
6002154063
5249996681
3772035184
6298209597
6419958908
5307120524
5800546752
6251200329
5305124252
6429760206
6423797472
2383060107
2036532065
6036986006
6369355168
6422526052
5973996632
6038697555
5056658316
6415744929
6347816342
6421386718
5599621455
6027641010
5997351204
6429760171
6423994279
3833811082
2122033964
2623202507
5543006459
6414639210
1852471684
6429777725
5776161715
6429526316
5675593820
5940919925
6148364419
5604502884
6340850636
6429526931
6027107168
5279989413
5462378994
6339171176
1506711913
6038377457
6429505020
6427957509
6422521109
6429526553
6323222721
6428152859
6429505020
6418960918
1912065712
5139569255
6385923046
5372858389
5589728134
6398060372
6429526933
6429527389
6422520653
5073675425
5124925308
2639664341
5662754741
6429776921
6422239115
1655398945
6031547766
1945150192
5789267720
5128767276
3913425074
6426093357
6422523200
6429774016
3188646763
6016510600
5694388985
6429526931
6034648136
5029920475
6200181169
6124613543
5519760625
2493089370
6128315209
5558917258
2708461727
5911764562
6229455725
6426710406
6266626648
5492872195
6420025540
3172625282
6429771533
3720538820
6407098570
6026193382
6429775066
6112191976
6429526017
6420496385
2757639945
6311183255
3228248361
3898896101
5506960546
1702128874
6429777367
5513037158
5245040972
6426531179
2492156931
1714816117
2157008061
6217491318
6422753988
6429778908
6081194810
5086179861
5300381188
5553992579
6112574597
2428361287
5948624442
6357470132
6426355797
2527174135
6429527502
5969631558
2927379177
6429525875
5504343566
5591319723
6422481120
6428257925
2836957142
5342526276
5937942769
6399255896
5943212375
6429780680
6054152514
6429780594
6422524859
6429780538
6327350002
5678526652
5665223946
2491711921
6359507104
5996238270
6429528714
6036630905
3149666134
6422530895
6111273658
5895228679
5214520928
5331549734
5650419423
5289525198
6422630808
1756505647
1404226535
5299594680
5065842346
6422775703
5536257428
6094123758
5215718100
2450208731
6428319960
5633124603
6360804310
3080531832
5483414806
6326515394
6292325563
2514469514
5045665848
5234273187
5732765176
6424827020
6029645802
5149028260
3272475425
6428003362
6429787488
6263545591
5504565399
6429781724
6050512099
5046733653
5704124890
5492159835
6224322455
5658154393
2036839910
5827911465
5659189870
6429792102
5746227887
5555869269
5203226527
2797730822
2680193472
6118779664
2643628683
6418682632
5623668412
5939263379
1977585175
5898111259
3502169441
6223812443
5855617640
6208037846
3127387010
6346779540
5212454300
6146673177
5536360126
2849964471
2615156823
6330939523
6429782095
6427654796
6171121603
5013428951
3858068050
5089216625
3907985209
6332223771
6027245929
5653369470
5489218526
5700274389
5597274763
6266826658
3020799013
5701708286
2516683113
5750294380
5867776902
5092135206
6016429407
6067441747
6422637207
6388764599
6429541354
5723369406
6166907282
5475055255
6422531348
6429539850
5523974915
6420397495
5701077778
6107478534
6429791362
5641122098
5751713788
2143421874
6343972231
6429788047
6421066831
2332362743
6001405263
6429778226
1934127770
5261137500
3162313940
6367144318
3254068800
6429535844
3026381167
6135920222
6329231761
5710312107
6268471003
5755433603
5742645069
5470250464
3602838934
6429495634
5942527161
6429785638
6118779664
6036381868
5023504581
6055510061
5828229004
5781272277
6303059427
5936611953
6409260503
6183124197
6026908941
6090740884
6429538957
6429792607
1352986717
6429529225
6375097351
3134584807
6429533649
2427983673
6422775508
5101783154
6429788562
6207565068
6429793292
6429795350
6324266760
5810358812
6429538663
6046953260
5340462489
6422776400
6429539720
6356554553
6333485976
5991032013
5316243486
2033956137
6313296894
6406750201
3773858064
6389367928
6071621368
6413477533
5269520965
6429783227
6126914853
6089819085
6045709522
2563921823
3174664780
6402010500
2978677137
6418363400
5656067564
2897066121
5494438247
6277760498
2083064661
6429540278
5736891355
5979768578
3977617521
5671590912
6375061912
3973072162
3301428951
6386521560
2878655685
6033458868
6429794259
3926315051
6213041500
6422514352
5070415273
3846794309
6358469882
6428145862
6108340260
6429777686
6428251133
2548749242
6408923965
5108740524
1772109444
6369055418
6389466521
6429542850
6422534121
3270521224
3121161781
2963083962
5997265934
5336091001
2761674311
2287014220
6422775584
5071660397
5783201579
5181514570
5707573511
6425931193
6237118296
6255976925
1218346612
1658035485
1008087754
5233867253
5398018068
5492729497
5685751690
6429796947
6429536730
5976540023
6118535190
5655280573
6336065869
5262640129
6351438905
6207406484
5832575656
6429796570
6320576914
6104767961
5625649637
5614991993
6326146016
6429792662
6336764104
6369938528
5300939865
5731412141
5705751144
6429785440
6268563326
6422771737
5243526124
6282792261
6429796991
6429544421
6407275426
6324625657
6429539045
5378320055
5064571719
6429796947
5760658633
6429790160
6311497589
6422640143
6422535058
5712783744
6375506923
6429535620
6364692735
5617971413
5039296509
6429794984
6421475986
6031175012
6414895317
5041626671
6333927062
6028672105
5544421962
6079348562
6378862712
6361904734
3952055799
6429543316
2721968001
5372929384
6422533567
2316073774
6425923392
6429528145
5817182368
6292480847
6401825546
5924020953
5914181887
5211774465
5940989537
6398109013
6005797690
5726539363
5569528404
3722493171
5336199839
5708966002
5864677753
6422776216
6105486802
5659266683
6429775847
6429795350
5991032013
5494438247
5596962631
6288475001
5945695829
5970245427
5659569363
5250104759
6039726251
5415885539
3223129231
6429794784
3215906113
6429758574
6322999635
6207182891
6384591227
5670166982
6052557246
6429796445
5663566209
5710808868
5635591182
3917809937
6429800948
5504557437
5752246128
6296201332
6422686245
5554629993
5819575526
5608692538
6429548557
6065409518
6279820655
6268924916
6421336878
1806607977
5713726249
6237408247
6039716406
6429801040
6088246392
5861785744
2702183287
6422533379
5978114587
6307048164
5978651401
6425031027
5343149776
6170369606
5789762371
6426483342
5335944141
5696696437
6422715106
6422535913
2931665727
1937184912
6429797347
6429505653
5890470333
3869409678
5092382368
5912165418
2962059737
5652324608
6422534227
5314677648
1004689135
5975162089
6351318045
6246777083
6391555882
5842358666
6422772969
3284692301
5372456429
5542042970
5666367291
6299433259
2903370893
6401948281
3242920571
6429800005
6079330907
6035718598
6035888059
5726840790
6168107026
6195669290
6422537486
6429550559
3055018583
6416124754
6429549018
5660467708
6212359472
6418500368
6212209796
6218045542
6382927427
6354601542
6271738570
6428439280
6422534785
5876856337
6389908941
1768921284
5861694407
5763574674
5834116544
3965488386
6408206402
5729954110
5642819698
6384938653
6210591029
5725562025
6429531957
6429802747
6429770875
2899838475
6271631358
6429799433
5351930658
3564793387
6429544669
5715886068
6340467901
6076586660
6313588590
3956574952
5685889412
5854762703
6025740506
5830742625
6429786436
6429802498
6247265338
2154107901
6422537315
6418387286
5933894322
5380885664
1687442081
5162679045
3176462247
6391649200
6422536887
5506058494
5745969981
2232554932
6352597217
6422536227
5527903476
6079584679
5371014036
6051377650
6030879781
6429795924
2404734012
6354788047
6018921597
6052357279
6422780533
6222162846
2281298085
5865882151
6422779914
1897259952
6429550469
5150890190
6372981144
6429550368
6429789725
6073639343
5316690280
3170100362
2414599297
5872994375
6422536171
5210572315
5366070412
5919873210
6429801067
5054270775
6382504022
6003645896
3956357674
1826984105
2881880612
6414316467
5528236093
5876793590
6356058646
6429799560
6021101872
6425082580
6264307274
6429551585
6429552031
6237345838
3672654921
6383952043
6429552114
5951298139
2638992453
5625673847
3925744333
5252017571
6429445166
5873608314
5848994054
3083672942
1497714725
5827463402
1781183235
6357299203
5846843338
6118358947
3976797474
6328678124
6300336869
5502354802
1763037393
6093249644
6401145828
6418909359
6422540907
6429557347
3052411955
5723169902
6367868547
2842401574
6422782458
6045583366
6150925832
5589170903
6422541172
6429803312
5676964952
6429805108
6375401874
5573874046
5860525533
6413317516
6017936448
5327373771
6262170852
5995411682
2306126107
5570753620
6358133474
6429807467
6429731183
6425380060
6418392097
6212021465
5855859841
3805551105
1066146212
6318705450
1742066624
5849195818
3748777940
5974053521
5864001214
6420034035
5845770166
5857888487
6315970156
5528135416
5085449331
6426145133
2723569155
6092156663
2423136743
6098542857
6429553964
5888856753
5574315302
6426345653
6405154319
5124962125
5647631900
5784521495
5521406786
5709804144
5843898519
3648874162
5944169729
5483768566
6429807517
6266413656
2938995345
5345270715
1752897485
6266216006
1802275580
6140212193
3885624238
6429807860
5991217591
3954376587
6202549972
6104911591
6015321521
6269304352
2140648643
5594778817
6429733495
5358680541
5532797083
5938633001
1733602845
3757854315
6356500542
5894082552
3216763185
6422542116
6174835947
6422782882
6422540781
6422503448
3777498177
6429802519
6429809398
5352425697
6389639029
5046024048
5578380970
6331025766
5857382240
5623719151
2824040947
6043107077
6085756128
6235832492
5426306392
5086381420
1912996381
6422784532
5264681858
5951603081
5477009946
5652534049
1699510684
5838633440
5345303631
5173709523
5018749754
6016175849
6299536104
6429557039
6034096319
3209388704
5532779819
6429523905
6427748969
5469818961
5789771800
3312622201
5879103154
6425385807
5650913697
6378914892
5991556910
5778807260
6109592972
5647242509
6338185581
6006345543
6172535984
1753010431
6323383820
6065078558
5676954407
2638936851
6429808228
6027235057
6404514306
5667137801
6125732828
1816029971
6254510917
6069501380
3493360804
6429812027
6222919152
6218179051
6200220864
2793921057
5671741729
5644263173
6429560098
6429553148
6422542056
5921868911
5710491953
5186478998
6426142555
6429553610
6030532119
6379421173
5507141716
6270184306
5825106042
6042668606
5858060391
6268528117
6412889430
6300184431
6259126883
5834311477
6062146144
5321291449
3183768784
5589334632
5323491030
5976151955
6307258118
3046784651
5318969803
5602631138
5397254012
5793528229
5642894441
5714508006
6422784175
6397948485
5824404405
6138393306
5656187567
6429802686
6379036545
6422542197
5513865440
6351884101
1039443894
5239546503
6089460415
6429812448
6429500386
5658159763
6257930032
6429812189
5850495520
5345078935
6401580555
5518140290
5767096220
6429558985
6002811427
5861245679
6429560923
3861042780
5609129529
5579348608
6429812453
6293378289
5404176791
6429758251
5648870913
3522390630
6422523723
6387287369
2170785245
3985214936
5653088424
5591048752
5765569141
6383027582
1908958873
6421740150
5525745703
5599831301
3979193719
1601008534
5717437993
6312752307
6052709052
6429742216
5800771704
5312042663
6429557671
5863978219
6397860011
5815765586
6422748382
6429775615
5327903748
5860560155
5817154408
5103013310
5738064829
2988201777
1195397063
6106077016
5586982062
6135270197
3120300213
1926894185
5767018122
1307201665
3263982220
6002709247
6422506482
5404196234
5413833723
6372924119
6420672678
5983338559
5827558688
5676131885
5444134174
5661283881
6094409552
6030530340
1229949805
6030530340
6217209259
5331602204
1074562055
6422790919
5383293017
5701962196
5236692977
6347265809
6425068728
5769766573
5020558806
6429821303
6429817903
6221372032
5834302095
6383003860
5825104584
5912401177
5320786175
3632628894
6422789392
5930622002
5234788491
1168842211
6409296844
2881381980
6232846085
6429563213
6423003658
3896615242
5815756604
6365115452
6078271661
6429564969
5980003868
6072812125
1649393701
5509667628
5154942894
6406590859
3852936741
5651852507
6426437891
5188101519
5863308232
2709441422
5707239724
6351245610
3265691860
1857436964
5833304711
2521429261
6422548948
3081182243
5684543541
5053433506
5683173450
5136811739
2368250873
2579586572
5513881486
6191280423
5444646421
5249681241
5124861428
5764516705
5620251866
6053615109
6081481451
6388693642
1910805315
5775081278
6422743369
6073560936
5517080571
6027383341
6422548555
1150153087
6105917571
5645132507
5857450876
6429819476
2233930245
3307508392
6429571862
3286349742
6418103697
2067801111
6275987655
6082280354
6186611574
5997798817
5584159119
6109653024
6123056106
5574356936
6415722021
5034646955
6410093322
5603103440
6230777741
5642158401
2961702753
6421134166
6429527431
5259699620
6410159028
5999169298
5875061345
5743762932
5504001805
5647541197
6422789503
5579487599
2110008142
1737588084
5519783432
5695091595
1949643257
5538418923
5661766169
2528998183
6429567463
6402943978
6358660032
6427755068
6423929061
6385289704
6124117300
6429568023
6429569313
5138625619
5974382673
5270227423
5841692851
6126880499
5841692851
5155036123
3263336614
6407960645
2589017381
6217304447
3263336614
3774756770
2155190227
6399108785
3974469906
6331088477
6097291021
6429817899
1195813710
1765419300
6424823440
6022543648
5963573877
6405138063
2395149421
6361912749
6053854723
5646248780
5846320170
1883699850
6429571146
6378276039
5289230243
1926780312
5237449428
5983759079
6385225753
5193240590
6414668476
5912014653
5841296147
6429573518
5702541734
5346254002
6324131864
6380991051
5872640020
6404229381
6429548453
6428160100
6175747982
5856165616
6422550438
5880712972
6270334209
2795373434
6207146073
6327463216
2177337447
5654493226
5651040412
2184061245
6373926698
6423971561
5067273749
5352822154
6388170012
6429821034
3826370414
5848603916
6429574329
6397819126
6025715752
5611862966
5942884606
6394102151
5204518434
3205522151
5679750271
6386674297
6429502163
5680609613
1729052960
6237873010
6422527874
5174682063
6258323460
5837716976
6382257891
2719114295
5818001376
6319232908
6051535600
5850918058
5711445169
6377297519
5859414899
6422548725
1955004993
6279567984
5285367908
6039781748
6407971337
5905895518
5836333727
5045095423
2043574477
3062715131
5986660968
6070603330
6429571882
5245898268
5216295740
1909713693
6028880617
6422770826
5922465044
2590750610
5888131231
2426788910
5243423418
5464372069
5334095840
6129004089
5727657487
1920247567
6368590948
6104202458
6364494522
6244856767
6417096507
5256461109
6320528210
3123294073
5392069107
5255528262
6422531093
5729416386
6371373670
6428313402
6348707612
5977870850
6039602634
5015330517
6303928912
5542259704
5583967867
6011631176
6429827346
3710301664
5794460723
6112829271
6064800568
6336026778
5967126801
5816734446
5936805372
5657371782
2542735295
6327342078
6120714680
5253482575
5591237671
6429570494
2535369955
6246846472
6363109567
1820409582
5226123794
6295717473
3828785364
1799923780
6203547217
3114609297
6422553663
6407712601
3786378837
5827551153
2667347061
6162034195
2301433460
5270440951
2754648083
3856791354
5514471307
3537217690
3170088283
5141631503
6429490264
3955083440
5992927713
6429574007
2097866637
2236898361
6128499869
6092256411
3306970603
2890493980
5509489371
6429580077
5826250541
6080188654
5999629065
1768761333
6068701067
6429831643
6346384209
6429579935
2638631085
6129908970
6347655244
3932323051
6003552110
5685166456
3198724893
6401591034
6421525829
6429829142
6111278101
6429576307
5661349012
6019135659
6423793355
1409774133
2974668774
6128747005
5087762987
5864725125
2379054761
6327491412
2986783625
5896053182
6347780474
6345961348
2693286053
1778333417
2510061594
5844410185
5296530713
1934763703
5655535884
6037021349
6149607297
2797753185
5407825524
6239115235
6242820488
3602664604
6418075017
6429831301
5912174927
5436695755
5872841526
6429578781
6365077822
3266575140
1233631961
5849387776
5895108596
6324505258
6403753941
5792997411
5261466200
3318678941
5650880777
5574920869
2760605453
6023881545
6083398101
5753933378
6429563321
5948269853
6348338169
5440915497
2035617660
6212718089
6115519804
6427681692
6422552412
5676454223
6427627307
5289657028
6429571367
5748472906
5564287951
6429576183
6429577224
5351662241
6426344205
6427984923
2190929380
5414738104
5623580892
3178637613
6409294558
5613373441
6089396639
5720018613
3166523197
6410082428
5799983274
6376986409
6425941028
6399017002
6364560995
6429577380
5800631242
5723001783
2308374892
5978832207
3148081223
1641593334
6420134305
6107851280
5758075181
6084313112
6108118633
6429562621
6429575292
3494773210
3908751186
5723908843
3561530193
5498069741
2273579022
6429568417
6429828688
3815430768
2051254362
5304520664
5271539074
5094156749
5454489727
5782770766
5869292902
5861098502
5341929163
6429822842
6177412030
3743577355
5664189374
6183042618
2201150311
5871669578
6240685026
5920289341
5602711328
6142916563
5256731679
2093279463
6429824225
6313401875
6351399556
5865876836
6217502044
6419267480
6427724325
5531592221
2816109213
6396522708
5940361344
6399610237
5186407674
6267557817
6429828783
6292806928
6046998172
5844606965
6422792623
6025522033
2922709495
6360517572
1162693531
6037980606
6429818188
5247351607
1566307651
6014282034
5574344177
1768963933
5685915868
6172347281
1646239802
1464041460
6422800436
5514334638
3217125937
2142305874
5943884003
6351398623
5916378275
6429580978
6422555874
5960905306
5656642311
5864157289
6092077289
6428305517
5667484830
2699225430
5159232678
6374584596
2417255351
6429581236
5480312720
2886035941
2754845493
2231725680
1196639135
2643756141
6085609277
6374988827
2247978463
5713572399
5382970086
6197196071
2554898017
6352227172
6427856112
6379713370
5065540194
5258089923
1632639827
2960841593
5945523341
6070176703
6417162309
5616102822
3926157954
6429586606
6403035449
3616320015
6305252637
2258163413
6061315548
6429522876
5874223721
1925158817
1883493257
5300361181
5340041404
6020159336
6359945704
6109603861
6021261817
5859524725
5419184175
5486814133
5951356649
5848894406
2676481227
1443456225
5689310905
5324086008
5983386725
6429838091
2883231424
5771598228
2651421524
5993893547
2435342594
6426079024
6089655263
5900066975
2022881413
5045375513
6429582668
6122647096
5829160824
3848288147
5615733550
6422555226
5647659833
5492464349
2661515751
6422693356
5710948480
2358100395
6319628896
1847813432
6339996914
5505240893
6033917322
6372911919
5607364391
6182894558
5312355621
2240682675
1794989623
5718753698
5058493841
3795949120
6174954001
5687293423
2676558311
6422801702
3926157954
5936577253
6429580722
6419584268
5906172144
6285428942
6035587643
2099587114
6187572609
5880157690
3028437214
6421449925
6342410052
6195871933
6047856855
6415515636
6200202190
5423641084
5453331916
5610519175
5682255443
3167900630
5129931518
3850219248
5596372648
6422641960
6422801702
6005848818
6427856130
6124456619
6037740498
5667596225
6422560238
6429583742
5667161087
5478728101
6385106815
3264866162
5703343011
5892802605
5534745747
6385106815
6367163703
5173926189
3777771844
5936790358
6418755760
3917698884
5685561253
6087900820
5352840386
6191278801
2732789692
6055680281
1677717624
5800694928
6370037031
5806506756
5022983027
5860021389
1904130391
6167798908
5889171810
2698268414
1714452314
5884087732
6069277867
5331169516
5663147573
6369871058
5774466376
5933081185
2991329595
5705885507
5850453297
2845538764
6424070492
2456769275
2951294267
5414378611
5428602921
1804687613
1773354707
5582579483
2951495217
6006745391
1354802340
6189503737
2549043853
6191149123
3874845485
5720668957
2145003825
1944894072
6422561694
5441605371
1107930890
5460465656
6140140126
5755985057
6290173258
5905485256
3313471217
6314488866
6424777842
5138467660
3692207345
6422781545
1846474194
5133214168
6110156143
6429585908
5711946504
5885998872
5560842158
5251793387
3309490271
6381066964
5192366125
6275062064
6429844786
5948839808
1699571210
5974447557
6005993449
2815403105
2373207822
6056773705
5593795305
6236542607
5082939659
5822897268
5988320141
6429841968
1902657953
6429585908
1883131332
6375664786
6053934221
5124182632
6020974429
5480567143
6026827386
3138216871
5609789929
5157500941
3974840019
1053790250
5835853621
2415926354
1784916423
6429844899
6059396591
6051411172
6399660402
2387431264
6429844207
5915652441
5510492219
1789217487
5131492953
5522617895
5541946729
6429583074
6207172411
2316360462
6366754252
6429594973
1834704267
6412539903
1236701841
5824645922
1347118243
5662253689
5985373327
6089199896
5287080314
6429844223
6047191926
5316818197
5394395738
6062514544
2584738801
5860580330
5692497120
5662884692
6217336087
6303301184
5974616471
6087811780
5758477068
5083037852
1677335501
6123912902
1787023887
6423262577
5953927329
1781462585
3592068994
1789618997
1583766853
6398076682
5500854186
6395084096
3692549902
2883503792
6022196308
3816275696
5253431190
5514885536
5623722215
5990721675
6235010177
6010574285
6130202537
5929402741
3889789490
2185750613
6112146395
5703639618
5632051831
6089341618
6429849232
6152341943
2620292453
6252874751
5045129757
1899424765
1680689664
6422807506
6041777047
1764222885
5969912786
6396971623
6413943285
6373119932
3205788103
6285531342
5299101859
3320195243
6422563562
5623118963
6014738653
2907672235
5493860585
6429850093
6399288242
5606845651
3478450270
2829456742
6429850093
6224561989
6367912319
6422739380
6429595593
5828443611
6310036745
5521909206
3202710574
6429850496
5939149218
6125620059
5434832613
1750588501
3845951734
6429850496
5603093011
3152235780
5502028743
5873861274
2425918987
5866085400
6175208204
6222364827
6245566931
6142973937
5543127732
5124317525
6427611149
5947604956
1969536365
6422806636
5577710029
5919544246
6429597909
6369317138
6131237030
3227411372
5861679704
6429851354
5839802450
6070223208
1345772405
5999803491
5985656109
6089518200
5143344066
6429851700
6007021934
5747415141
5187521959
6364499123
6420519363
6152176618
5818662194
6152188554
6429847828
6429600717
6348378314
6422567457
5413943557
5670116790
6429601151
1846920245
1793740223
5549307424
3484513345
6402307860
6027272036
3845713467
2636191801
6070907865
6364563850
6217101095
5522928310
5848897786
6084121432
6378947824
2762917187
1831827600
5310497798
5083040773
5264066548
3219090851
5605580604
5834435394
6429836861
6398479945
5770734467
5080428712
5890428830
6006375876
5973113829
6004849260
5970588732
5746759442
5641946513
5585451787
5131261771
5479490050
5978012543
3915973402
6422811608
2142192480
2790313527
6118855477
6429603530
6059898550
5701748779
5873943683
3759528371
6152838212
6272398514
2167126932
5331652016
5861217247
6270656230
6422811564
2919567592
6421854020
5395564479
5984488502
6296674823
6333403353
6235088304
1826190814
5261927161
5235218996
1551151301
6427645085
5139718601
5344071341
6376857510
5657725664
2414896343
6217406548
6025833441
6420268783
3178070265
6429605356
1627298037
2932412277
2050967784
6047835912
3963352983
6001177242
2048753273
5129924152
5873547281
6422813146
5175620939
5567300898
6429606363
5130115402
5616386324
5519206526
6422813464
5421691909
5335465786
5554785333
5324462620
2294036481
5024197302
6413965662
2635748183
5339183168
5521257498
5287080542
5604637694
3738860581
6184161405
1947990121
6186240757
5421691909
6428140087
6064192189
6418938730
2893776575
5082072398
6318649351
3047027285
5967060385
6429860468
5752179232
5700789089
1789251651
5793473595
5555226545
5541466760
3496647653
6418916867
6008986380
5370550068
6128220705
6416201897
6379481222
5658722921
6429974984
5034324981
5789947014
1640453227
1774808392
1740006833
6406591325
1684103834
5849396945
6125704031
1929174263
1558597584
6125282602
5216385138
6424685959
6424430583
1783497251
6430247085
5245299681
2685404760
6421557385
6004645867
2245633870
5923066878
2644163801
6429975869
5825671274
6350177762
5557336882
2658524912
2619042263
5902915842
5140591004
6346654407
6044718649
2644946441
6266016406
6430250657
3728976707
5798487680
5789932181
6267394169
5789947014
6091567052
3784570730
5684164852
5587478641
6424038345
6360201740
6429923723
5266174626
1985501644
5225564583
6424192828
6428248367
6350933493
5190752942
1736184365
5808584214
6140691911
6070324909
3432575002
5636492573
6349395757
2934161622
6379747040
6424193573
1938696951
5900994249
6247085267
1781708742
5661619901
3823696047
6426047298
6421747478
6047322888
3921164365
1967538085
6166004097
6052113584
6429976072
6185976315
6334734326
5494065482
2395481544
6200242483
6144276277
5165632100
6385583398
5982879040
6048494435
2447534594
6428459238
6366111914
2447534594
6388474058
6021696138
6424193549
6091117156
6008392766
2794119445
6430251622
6430252406
6207290037
6429978212
6381096645
5289364801
2745825785
6430252041
6424432881
6105984105
6430252406
5714156890
5578542323
6178037103
6067272141
6397767006
3978324447
6430253017
5252598668
6410053763
6417103446
5886395180
5128591056
2911511437
5905691897
1300648273
6380829667
5905691897
5325565234
2158984853
3309205095
6390901201
5678121943
6422860016
5652619820
5721656594
3740255500
6427521142
5797243860
6424194414
6140366867
2142865752
6429975913
6415263207
6424192915
6421609671
6086256733
6430249161
6316080797
3904366325
1762152103
6430254052
5217790338
5639247716
6255707571
5813703734
6087636817
5220583674
5244422212
6430253102
6424874200
3763977977
5600133645
6184204432
5904110014
6429978410
5590615185
6430253622
6018643205
2751313073
6429979869
6216742365
2807189364
6377784984
6430253102
5847691566
3812944233
6003298045
5514729905
6430254618
6429979869
6429960498
5413556636
6404456111
6342379506
6424192915
6295042180
5613269536
5675277617
5334497779
5039153762
6429979770
5110368445
6430254513
6426460397
5601385962
6358571977
5584467473
6429980755
5672679893
6174209369
5121023215
6430253589
1798575947
6300157399
5859540453
6144642028
6430253986
6424190566
5647100356
6128455312
6111173767
6020502350
6285464197
5857770175
6429957129
6312481741
6141112165
6401363280
5336289731
1743017402
6426443606
6383122382
5968484586
6424435225
5973270006
6430252294
6092350049
5833905889
6319266087
2177617157
5876070238
5910954548
5675257849
5387227710
6430254028
6429980079
6430255828
3291533151
6429966961
5899521001
5966476593
6429809582
6111344655
5534854146
6425922000
5559444606
5410129540
5874131168
5949175047
6422536168
6429977237
6054463132
6429972942
6422605919
6429971361
6424187944
6430256516
6347340450
6207548046
6429650610
5584968271
1837613641
5124813267
6132757453
3449429230
6424436892
6323636003
5913823142
6429981979
6424193135
6424195353
3201431301
6330853750
5090891382
6429982823
6429879122
3300530551
5867614369
6430257121
5515287025
5150257370
2436793422
3991951855
6411449603
5641095863
6429980430
6430257682
6397360808
6150999484
6429982915
6422757600
6429982823
1276835817
6422450178
6430257836
6043721412
6430257920
6430256732
5319774892
5124971991
6429983368
5943129215
5195656090
5609318609
2630688371
5672650718
1215862823
1192515960
1261788454
6429983156
5933455546
6429976120
5817039142
5781321785
6317238781
5266403053
6428442995
6429974783
6041087815
6345062400
6409911217
5321486242
6032853450
6186374967
6404693239
5019488213
6429983258
1989643471
3553121851
6343691253
5879106452
6067301414
5254726446
5845488148
5460971178
5677609041
5359502870
6385218418
5745875493
5045715345
6326575377
5189703794
6424437203
5211123928
5756987916
6140111475
5888281208
6315036328
6368288262
3385301300
5873584001
5625651451
3012612185
5589504725
6123068021
6104336217
1150525785
6430249101
5325476827
5698029541
6429978502
5385436567
2694897730
6026792359
6430258946
5351987217
6383627429
6069687022
6381288905
6001193627
6329411974
6293601562
5243618456
5756726665
2054104891
3231167740
5816128938
6394362203
2835950221
5889063757
5113259461
5180394272
1296438254
6372294486
1784760975
5037865132
2319786050
1567546771
6112056375
6408325448
1580134643
6429982868
6430259294
6427895761
5670120939
6429974055
6429899851
5996001816
2524574703
3193455052
6430250499
5141845414
5079489867
5672370123
6429986067
5660182671
5574785421
6241609398
5647309856
5705867061
5307821493
5838987726
6425356335
5677450677
5584739104
1646439112
1198253935
6430046300
6387179374
5047236311
6198549303
6430438259
3888304949
5592932924
6049113342
6331912476
2436968441
1393338415
5770895106
3546276075
6430162142
3882798890
6430162213
3484988775
6395502376
5994556411
5918034810
5996354527
6184394087
5831110849
6379525683
5146299504
3888027893
6142901117
2489162234
6403751200
6143042183
6424530178
6123947670
6356666709
5420510169
6160515616
6143021361
6142886401
5745761886
1035674473
1350310131
2000949051
5780176244
6064929442
5940762570
6159555360
6159522761
6430436845
5890617428
5626066317
6142882493
6424291675
6016078600
6426065198
6142911452
6430434153
5222115534
6430221566
5595951783
2795330562
2236499403
5938633426
5524048577
6430154883
1790573551
6424529529
6293339292
5950960596
6152322256
5105621968
6429829658
6152278248
5132808517
6430433547
5121727606
3405157294
6423813041
1258090801
5872409726
6152301009
6126588049
2307254511
5928139143
6143016439
6420049295
6143014260
5599090516
6430156398
6380498839
5774526093
5646342954
3317853603
6143018779
6430157054
6424223518
2170959152
6017435332
6116848851
1408823785
6269292820
6234650408
5416243748
3584782984
6347661353
2613954150
6430379808
5671290120
5061991998
6407330333
6340754730
6218148740
5229897758
2283110735
6424288971
6152320429
6252875809
6293369407
6422069648
6019321848
5453659546
6363583900
5995841951
5336679036
6424583254
6430284628
6047071917
6431353331
6042334373
5741022662
6431103476
5646630686
6428182778
6143111193
2298451297
5734114195
1337016147
6408338169
1236175440
3004881927
6048214056
5601886349
1832040114
5568225469
1783274753
6232876413
6424583377
6431371130
5259697647
6410001036
6431102948
6228591675
6431102642
6431102430
1956605860
2172621457
6415274830
6424457217
6372950719
5209965320
5657448589
6029194209
6309087271
6231993963
6418788968
5896250830
3038530191
6430012576
6417093144
6431376596
5112447359
6419555294
3406683240
5581139506
6138707511
5856329334
6431100865
6424583004
6112689374
6258594163
5107463430
6430288015
5997416008
5338656376
5873778808
1847580693
2995631244
5309034160
6352200553
5981558730
6371368626
3982403382
5727525514
5744545077
6424583873
2456287444
6083846660
6180458348
6293624680
2711946583
5904564764
2115216543
5731809661
6424343544
2720885481
6386628324
6048446488
6431379393
3191240434
5621736903
6183295527
5303612394
6000953759
6415441781
6429993732
1319911982
6431383291
6385038291
6429993732
5806574536
6143088293
6402629523
5641638977
5694866659
6424586423
5718363078
5375413973
1215468900
6378459663
6424451658
6428021012
6431107181
6401735563
3227423830
6428221157
1726278454
6401946460
1862101995
2800982237
5313269158
5973107091
5861669187
5404696370
1197191492
6178946251
3901429666
6363040858
3190080204
6430015687
3607720820
5881937908
6431329885
5748335878
6429505145
6431384427
2536319365
5571690445
6414506905
6351288162
5038138656
6427752766
2721159565
6356589000
5293694019
1085753180
6422609211
6196854666
6424212145
5405142922
6404348667
3543352495
6070284925
5144503503
6076936226
6391680353
6427952714
2307712942
5546978961
5559016028
6411409072
5620408964
6430315692
5511406911
2933138215
6150880218
2315579285
2267310857
6431384576
5198061340
3937385012
2615296100
6328775207
6431383815
6346975169
6247928271
5895158742
2760556345
6260156021
5667787287
6234907104
5659106668
2608471175
6408980105
6168240901
5537406343
5546013306
5582736043
6068638911
5922918399
3303173725
5502081244
6430290621
5774001119
6225086389
3956079289
3618588411
6417087200
3811027698
6421030591
5627697911
6021605132
6272368670
6314940690
6430289886
2250344264
6431382325
5544198980
3423453204
5125000442
5675308531
2210771322
5831439559
5835932208
3784138587
6424585789
5947753120
6026898869
5229846669
6415033239
6027178225
6431381374
5951494595
6150112334
3656817434
6361447574
5822604325
5802714960
1943504197
6047259775
6188972724
6333784888
6081114700
5750871382
6431107450
6430014349
2356264413
6431380676
5252537666
5765170516
6356821105
5889975551
5522256615
5652788038
6431107243
5711129406
2915027667
3533668072
3775205012
6273504457
5780582205
2486728051
5147276787
6431106499
6074817660
3248018675
5591192515
5562643436
6424342888
6430286223
6416713065
5503516157
6313343193
6424338915
1895916032
6413460965
6089095399
6426429913
1908468011
5866517183
6354881152
6013804880
5140255090
5634072552
5900176448
6361071681
2639007277
6263050254
5341315138
6424442922
1104835815
6414501765
6402923189
6431380662
6101707463
1678067802
6428312022
6430471700
2593929923
3477099287
6307286328
6119523068
6279773832
6431107590
6079286779
6424225692
6015530388
3591498222
6070098929
6427667702
1969409395
5957947521
2360812967
5964027547
6301295544
5631656740
5644383650
5422608602
6336429938
6424247056
5602310739
1774664805
5653959759
6318570981
2097035393
5672423704
6429993814
6372276597
6286781770
5284916016
6392227116
6430182049
6430012257
5981321772
5737243772
5766884927
6428257857
6424240417
6403662645
6095774796
6010780533
5290635279
5988399502
5567563018
5202557652
6424218904
5848193221
5664127368
6009711136
1898769617
3934723458
6424035031
6419171708
2001467273
5865562388
2483049031
5839718639
5935399643
6431387708
6421380681
6241645331
6008856447
6088236628
6030211695
6079329781
6424346674
5732945692
6424349205
6100004002
6401606298
5088022091
6431385954
6053338099
3012436487
6424321178
6431383344
6258843421
3434485464
6410516745
6431384086
3872945798
6409994047
6428257494
6427647147
5560871207
3753646985
3945651324
6431112101
6012808374
5866061249
5543176766
6141015885
5580315135
6429960296
5985540504
2505093125
6213101228
5206990882
1217670843
6344072202
1882046361
6340125397
6424434419
6403320892
1115112035
3739047717
5880608834
5481760665
6348122165
6367933679
6431392651
5644498911
1843629901
6078660687
6421362529
6055975946
3201438414
3805911915
3181483494
6424114003
6060468642
2255013761
6058169216
3107304927
5653137211
6422164946
6087349732
6410892574
2674406321
5613776672
6020933190
5379539128
6384716520
6156736086
6424547695
5701796796
6424217166
5417667581
5637115864
6273352202
6430016217
6354456050
5145500849
5470407717
6424591254
1775014313
5882619434
6430292326
3929344491
3898874933
5894305770
5737301422
6421374346
6402900033
5108816046
6016810417
6385406145
5399006336
6431111644
6424590715
6430294291
1684902354
6431363422
6083500590
6046164138
5596066973
6339214837
6203963444
2285377905
6431116410
6227351832
6424454331
5500663359
5984868267
1866821425
6401266715
6431116879
6424350873
6411221758
5852784925
5865710762
5834945978
6369838258
5857896002
6406747400
5866649973
1007076250
3750209217
6036493805
6413861566
6094602041
5615630359
5693128163
5900838432
2476680154
6430197337
6427746386
3108091093
5189081920
6022286311
6429994028
5816536378
6134391751
6426152225
5263663431
5284146416
5564805440
5599780901
6431390115
5997191045
6431380514
5667096624
5947259885
6184420967
5395938737
3147924951
5953085009
6397660814
6230800093
5993520774
6275362642
6431385805
5556532312
6429654383
3173791290
2243879934
5117034802
5662330336
3934366940
6424586419
6281070762
5620430439
5945404747
6231647616
6431110570
6424589242
6357533282
6392296547
6425176114
6430464820
6431373543
3102147137
5958388985
6070905181
5907339853
6424323505
1729792061
5805384728
6424343858
6031145795
6431380221
5531964326
5108002398
5362116970
5694713566
6003359941
6429859019
6396817883
3937125886
6424348875
5123476561
2677812240
6431114489
3122654985
5943339742
6386377497
5697066812
6342890675
5317525574
5095505623
5726485995
1939250080
6085682913
6429993949
2785582641
5525631548
5866004881
6431388514
6385540516
6430370407
5918834755
6001070855
5163577103
3839161484
2627163114
2765116221
5426482375
6069380737
3178439617
5714303671
6045523798
6431388166
3974917781
5072009728
2717509295
2874028890
6379134971
5865664232
3626012405
5702326911
2759880991
1766736991
5236301077
5911908512
6421248948
6111448874
6079408164
1735950160
2130434435
3131355265
6108287670
1707351775
5361900063
6419357159
1817311717
2281148734
6257808581
5351924353
6086763195
3098384777
5687445105
6412980049
6333735050
5752881454
3099350585
5594352327
5957712782
6431394016
5726920908
5663608581
6429607562
5896875449
2258684135
5340228106
6149488784
5471121022
5163922243
6359355966
6424353765
5650265611
6409216143
3027854101
2871845442
3240776101
5403370288
6092108481
2785073092
2925578983
6429669098
6178185512
2035160620
6431121419
5587299218
1112518701
5790903111
5598611458
3583829094
6299411423
5651644385
1941362337
3278546405
6128472661
2983929545
5726499423
5880730730
6245005967
5953586886
3212309955
3511709202
3497104463
6424584138
6421224823
3484995911
5865787106
5041809213
5521862860
6171632498
5343660532
6369696244
6402843296
3217555224
6237581846
6431394342
5782204367
6430020219
5098246722
5019077268
6431114215
5654269905
5783135737
6430016884
3777631111
6431120890
6109924106
6015004396
6030271196
1870127641
6390949396
5866175107
5319749869
6416448480
5103103612
5615671635
6154227812
5524181368
6421557154
5587229728
6415334159
5854171186
5974351174
1814450497
3850218010
6430021960
6174061289
2944524247
6217224157
6128893049
6424304317
6429607439
1988801295
1962153633
5274542388
5738681040
5800047700
3649541854
2979711593
6062974869
6420212046
1759639721
6138015598
6337831004
6177755157
5774817408
3392967490
5947180769
6429726956
6404606797
5661290424
6390295692
5221216545
1572163740
6042490416
3948699139
6359690123
6292870253
6366029594
6431111891
5687283602
1008681153
6377217357
6033469864
6424351796
6311118309
5895852062
6180213785
6431390564
6179332447
6431392800
6424591981
1867746715
6422557982
6429885247
5717139295
6431381087
2769810217
3186251650
2054309223
6424356613
1266269835
2687868021
6424356551
6151625788
5602178171
5996159688
5363726911
5601782371
3976269897
6391252303
6424356508
6431126597
3880996620
5484580224
6079454517
2986281815
5234222176
6413891009
5176013290
6382852996
5545984397
6426272095
2645751343
6424596441
6324697282
6424354112
6349844084
6431126909
1112584402
6411677409
2357829865
6067516773
2723668171
5445943636
5668694373
6203095047
5222430494
6409204141
6431128278
5819922167
5014822351
5449080695
6287584621
5264223992
2184605233
6430022754
5455667358
1822398137
5333379650
6050879280
6424447686
2690114727
6333543072
5947338667
6327925625
6431404962
6424597661
5180116313
6311399206
6424212172
6424358435
6383475953
6424598282
3809909443
3820357150
6207228397
6091310100
5339454174
6140006060
6431112410
3929469085
6431404264
1867104097
6431404444
6411239222
6424587744
6431130129
6424207279
5664274183
6430286556
6430183820
5834475524
2873094685
6430010927
6054880100
6431125139
5652978617
5737161692
5538095136
5977680457
3626053494
6430011418
2456122123
6404752980
5571736287
6424596921
5301400361
6424240551
2013633585
5581307705
2482968014
6279946152
6424585624
6430010940
5174562683
6001381986
5850525102
5214401806
3857964272
6311603869
6431129741
6416270396
5467848319
5234720872
5994507255
2185192111
6431124669
3935655631
5302135598
6431403572
6431129439
6090851264
5832597935
6198173211
5894080121
3408149542
5492267972
6430167288
2278841525
6171107805
6424597302
6371726922
5403406247
5816530711
6118615293
1944351442
6359164585
6179246228
5499581896
5814199655
1820080424
6431125850
5457898343
2341152905
5292883849
3949934338
6248877528
5383678512
5519098372
6315652919
5268816164
5495330069
6427983853
5534826933
3976732616
6423792978
6269809190
6422957154
5632810398
2238357587
6431128278
5599721957
6343146782
6424356861
3149866662
6001676681
5108169206
2690825002
1977037471
2372761847
6203878040
5978881691
6069066628
6431134218
5639552586
6431115371
1832360887
6342930040
5241322015
2600113597
6388504864
6424359992
6067552729
6342917063
6045967954
5608484669
6033954765
1994650610
6416469730
6424485267
5243884292
6050206935
6431407818
3499124942
5986458897
3607252030
6395293067
6210111361
6422592385
6404486836
6430287246
6431129364
3894021812
5308182734
5068337271
6431371494
6092188945
1444865141
6209849332
3315659794
1105550025
6424649552
6286802962
6132498616
6329758386
3854502875
5967408114
5729261891
5242572580
6431551002
5648953374
6431530552
2643806235
6410611154
6425693599
6410611154
6420528957
5782410498
5901395166
3317196553
6251650086
2729403671
2587141981
6122995747
3196711403
6431543970
1721365287
5243433492
6414607923
1268223435
6062036583
5667014315
5821380406
6425459435
6419964413
1817490213
6425456003
6431254587
6017918775
2742487350
6121299214
5150621784
5871977833
6431273686
6355597852
6305447632
6431273222
6381351329
2724183967
2691625871
6018666506
5170380415
6283585319
5374551089
6030274799
5407093622
6190644703
6409773645
2610041520
6431546345
6178129760
6431271832
3215431375
6431546168
2339923187
6423312239
2041500497
5589117634
6431457720
6392119508
6431271170
6405088365
3222658094
6406644667
5687819281
6069286590
6431270779
5759287701
5384910308
6431544086
6411275692
6425456372
2743019977
6258339805
6431543773
5752160224
5576091557
6431542748
3858467429
6186666846
6430377290
2423255041
6211959145
3119143475
5840181655
5734679847
6425454944
6431267252
6421373508
6086126992
6378387358
6426705199
5638142253
5499284573
6092321011
6424550511
5659382150
3794894974
6391907537
6410054484
5837615023
5407496232
2248836884
6329145985
6414135668
6431538432
5961082772
6421379224
6354358901
2833857981
5445895285
3212241017
5591023432
6430157584
2907979163
6154830288
5665974394
1458576870
6328857041
5685377905
1737761972
3174554723
5804882787
5379175582
6001444635
1790226595
5822709556
6175993302
5385171145
6405177719
3270531753
5824997911
3160511750
6425678627
6011174049
6286483214
5543843832
6228852440
5154217816
6148575124
6425450032
6431531330
6425448610
5245742861
6368761431
3257920464
6431533225
6297375958
5889804428
3579576334
5793113426
5988391400
6290501188
2012422311
6423217317
6264378159
5620846427
5512076352
6041570154
1173279472
5170598949
5745446436
6015587157
5102510496
5346739170
5907464674
6100409119
6431362822
5352226388
2606567385
6431257383
6334423012
6336088981
6431255665
6369482980
6424115352
6431528037
5367778843
6414279873
5698585414
6425676387
6431253479
5947197716
6431255530
5239446576
5818243077
5121228425
1797435224
5719611737
2361779122
5937940720
5518279808
5023772383
5409748314
2331218377
5327665285
6431529023
6361095678
5971258660
6431253046
2604385163
5096519343
6360982447
6221406618
6373700919
3698032951
2044250827
2644651367
5703759041
3568208555
2407109615
5138264708
2171097347
5458625451
6133967700
3318819841
5842109479
6425445880
6158233402
5837140718
3873067007
6422755130
6431382948
3192127737
5252548906
5795462021
6421584970
5997637912
5554932940
6426444412
2407171833
6135763013
2445828233
5707934247
3976353726
6122768278
6015765904
6078607639
6379066901
6193396498
5204460988
5707792954
5591405223
5644016213
6420697729
5503330430
5833648218
5223001833
2258517600
3842180209
1826590900
6186566642
3982077003
5581214756
2839202530
2707522733
5848077062
5576676114
6385231913
6372805385
5763630679
1079488240
6424416913
6431490592
6035590929
6424420139
3570347692
3316294834
5729429460
5859255606
5124327410
6081235392
6216367358
6424420153
5602625739
6419236854
6407747825
6329811025
6329829279
6329811178
6327653783
6090776680
6321354008
3511087145
6425675483
5349782186
2743710225
6049336683
5106763247
6424419601
6424656146
3772091060
6431516581
3280492371
5216891634
5205079807
6039082343
6431478143
5709920512
6021166960
6431248024
6431240259
6431243482
2765648537
5884559582
6424418941
6427744866
3585156981
6399209583
6020773662
6424417545
6404711851
6431519419
6104402813
6237084364
6381584497
6020459136
6189139045
6212340033
6424644494
5792511795
6331387368
6272653980
6424656754
5899926204
2748749091
3089789123
5374880249
5750543499
3325308362
6276306308
6424656697
3427517092
6431245700
5760327096
6424643785
2481025947
5591672271
6249499175
5092458545
6044761080
6419872645
5190568577
5657479574
2401626713
2697989761
5263557792
6376516983
5637679004
6206059673
5647852202
6424655698
6273529808
6419625800
3198619132
6414893554
1769168592
6266974925
6379775550
5984174663
5970468428
2774363475
6425457372
6421619188
6193304353
6031263281
5293269468
5016965634
6407492374
6346714444
6369835395
6411410719
6100386469
6404186337
1781125925
6425696725
6431450849
2737401592
3307924371
6405797509
5705125789
6431556317
5385544889
1865911834
6303738780
1115480610
6421421404
2961689847
6253177657
6426336781
6418140644
5979022113
5548092896
5458658614
6043337448
6431555427
6431554765
5460846908
6300471897
5342102301
3879293449
6069275086
6425755947
6431917707
1594553832
5723775650
6431661175
6045628636
1887112363
6398885688
6431662644
6431661880
5978101203
6430464343
5702932021
2690480142
6431661697
5580704300
6058088934
6211141801
6431660068
6377952508
2521540855
5794053733
2859689652
6346938414
6054502613
5622366263
5366782912
1686360860
6425756188
3209046655
6424583489
6430040787
1750787251
2143515645
1770059175
2643855891
6098917910
5970687877
6307801211
6241009930
5978077148
6345005202
5953821597
2600213091
5936712934
5992914149
6425482419
5360976885
6431662069
5628940740
5424453162
6431919190
6056181554
2164088050
5224284873
5633291571
5910300606
5829633783
5894573243
6431475945
5601524968
3310671013
5578395498
6425715608
6425523248
6431661886
6431916131
3489043952
6430463490
6429705181
1774629230
6237317903
2690778620
6290007972
2266298603
6080425807
6391074514
1928821645
5321185019
3973218932
6431912479
6431661578
6428155019
6425523142
6376937661
6429543833
6114804938
6377860192
5358312991
6427516119
5238951299
5969774009
6317260253
6425748526
1852017057
6373338845
6424600853
2179717915
6416408523
5693499443
6176643541
6431660818
6431916127
5670981803
5833161780
2537671194
3218594383
6431912220
2364791487
6431480116
5385845941
6431915710
3329032614
5127234010
1891146973
5100447558
2707995240
6409179694
5668343903
6395235386
2930643567
6431914549
6431092859
5677819550
5731099937
6431916223
6093398320
3905642727
6431653449
6431659168
6431915159
5693667270
6023571754
6425522121
5481657848
6396995614
5015283370
6207555504
5224839450
6431915294
6429915938
5755091075
6430472613
6426386079
3780097614
5308530858
3165751901
5232599304
6187463314
3951975753
6428151131
5379521328
2804276080
6346717431
5718669211
3893229231
6167427441
5825824308
2021677791
3592032070
1789074973
6363419933
5475726668
6366087665
6230392704
3835639636
5590886985
2141869782
6374429999
6424138820
6420777824
6430462544
6424423118
6431660431
6431664176
6303429866
6431656140
5669679536
5125027428
5320375132
5826298095
6425744706
5246244180
6399782027
6100347048
2769218461
5340735073
5938285172
6394351564
5217185678
6382738884
6429697675
6431911191
5700175833
6431653299
6176630466
6425755834
6424251115
6417016269
6399914338
6391693447
5883225956
5612003436
1745249534
6431857875
2597211571
2344318554
5252173425
6431665350
5391681818
6431659070
5991606779
6192335169
6071669038
6427990927
6425711025
2560117744
2853082521
6089383441
5385859042
5892548021
5898297817
3691892071
3029556082
6424642005
6093540111
3883764440
6360781530
2127875330
6408896866
6373943934
6412375560
6430478979
6390388038
5322248038
6431473994
6431648226
3859076327
6431919222
6399886123
6431634761
6431920415
5295756083
6270429039
6272272795
6431917041
5774773463
6421234665
3481960477
2749397077
6394447092
6371940840
6427980173
5626330839
6345015773
5782114616
5698768649
6431309705
5430945626
6431915546
5892560361
5633951633
6431398475
3850212916
5374493453
2494105585
6374009433
5940963581
6069181878
6428214888
6056545371
6428047085
6300520060
6420058646
6425490420
6431916541
5943024489
6246872967
5654603083
3251267770
5725826550
1977089543
3680889644
6431668330
5880454872
6430381266
6388180436
6420793453
6431668093
5571534446
3852409390
6431142784
2759091961
6431921682
5101369010
6431923905
6078477553
6425511588
2515163507
5554376987
5788806082
5260903598
6097211525
5216305925
6344662678
5586360538
6424445857
5792897757
6042370482
3800056849
2684520200
5691273855
6431667826
6415173040
5692233899
6207519026
6156134203
5115755489
6084502226
5545097183
5650316199
6323761784
3537077411
5415810483
6354056369
6356169886
6386031181
6310258687
5861589903
3570401077
5224406339
6241361134
5851131670
5161896210
5635777246
6427460640
6420861900
5199506863
6431667268
6428158182
5844387138
6269752210
6431095082
6410547538
6183258269
5199456133
3384062624
6425758620
2272068345
6410193718
6207416766
5159143129
6416162415
5625649193
5621703763
1964824317
6422827970
6343803266
5623706850
6118852119
6416148825
5407231780
6425525159
5895933543
6364052408
5714983839
5459455390
6412625832
5488212543
5403924800
6070888267
5341236010
6429547753
6431220717
6431639914
6431664976
6306661292
6274842789
6024407382
6416671904
6310258605
5527198915
5935248062
6431915566
6431902717
5362989382
5734653062
6431920569
6431922333
6431120926
6192497682
6431665859
5642932950
6346395125
6431666230
5760175444
6340395188
6425525505
6425758286
6415855480
5232129855
5197990443
5524207040
6431661162
6404802838
3699833233
6431669808
6431668301
5594498186
6415193696
6396614261
6431668564
6431905695
5796661935
6301058830
6421760557
6406975834
5885260099
5936556613
3777549750
6431925293
5404229407
5462685171
5710581289
6421278112
6405381439
6431360206
6058051117
5259610575
6409908439
5175146334
6039356559
1747741750
6429973314
5058059994
5502752015
6378596362
3240431544
6200368176
1866271704
1285846970
5774541310
2112496475
6396742066
6327670742
6324593402
5881113429
6332001760
1942256381
6336366865
5892879405
5906030341
3170061783
6425895960
1740601390
6432768507
5869669235
5652169922
6126206180
3175838761
6064721433
6347732122
5586133667
6177891051
6430466557
6141833058
6088443065
5779803537
6053337124
6420958994
6009018686
1306314545
6016132747
2653924981
6432771869
3782128654
6424253599
1029745681
6378037378
2715071344
5943148552
6235791645
5639882623
5993054247
5274255060
5517826024
6344781769
3990668951
6432773684
6083257725
5768089375
5505091861
1818393953
5476752718
1250665443
1900552512
6299373734
2678874830
1797392503
1933119243
5599671566
1737472173
5686884931
5345008076
6003862783
6418120378
6218512624
6426816355
6140836522
5261291209
6432773173
6004416161
2471693371
1236462225
1104343893
1867712027
2837916854
6415659904
5564795421
6425506003
6432770052
5683523231
6408983477
2189364503
5023822926
6432775198
5300478200
5893152585
5789780603
6432775128
5505191161
5803416624
6011031901
6425894583
5998216363
5599659169
5536905438
2300172235
1269190001
2161791305
6388248621
6185780468
5689309266
2849392865
6429163051
3234489002
6429163226
5641547658
6434401781
6433099019
6295129156
6347172114
6433407858
6376712093
3493529167
1745850655
6054151155
3030408915
6429163298
6331610581
5396823858
6433240253
6298792926
6001372471
5526248681
2690735212
6434630399
5600012920
3562118962
6211991495
6379924067
6022388583
6049671831
3101820561
6427199174
6428892471
2867882204
6336655235
3096380993
6368985068
2644287401
6433672937
6070893320
6378559082
6434632820
6430335836
6433168205
2596744093
5723799760
3613052304
2370674263
2257185532
5526230866
5281631080
5578406029
6428891943
5220554087
5534729104
6427438003
6422493902
6064043357
5717727708
6434400614
2428976007
5591282852
6404873481
3873259423
5623546959
6083083129
6154844052
6426316266
5997274199
6218155631
5598649626
6349246242
5497181484
6434621233
2192928960
5979487035
1764435404
1778758223
5509516127
2929098161
1841594693
6292896728
6267200227
6434589929
5364711597
6429538713
6342432336
1802726235
3264068264
5992591167
1194868525
3644572011
2571495471
1877243221
2736435030
3168574554
6407834177
6025524964
5120053482
6409244683
1805454734
5621717329
6026778346
5677755380
6434734063
6410780037
6243998217
5997263910
6017587688
1741069204
1984965267
6434756370
6331271523
5556727901
5661836424
5228537587
5212890422
5820388500
3062825747
5345671243
6418581142
6429211094
6429211826
6428939644
6434752605
6091146703
2161435192
6036202051
6377457982
6434729799
6434751667
6428941955
6434735317
1894624345
6434751634
5147605469
6429206998
2944601917
6429211706
6407879308
6428941383
6181007733
6413574081
6429210053
3317623151
5874186104
3891522536
6429206399
6378534031
6433626952
6434758945
6317460058
6434724255
3135622407
6380675927
2927087787
6364902545
2836423743
6434735633
6434758013
2984657961
6265622740
5601829705
6434752915
6400702640
1455882703
6434637759
6420429275
6070582184
6359043498
6427273503
6217138787
6388952643
6434442497
1765133567
6431960256
5861378880
5373065500
5460198339
6019235949
3848535904
6434584333
5027074985
6428942560
6352267049
5321452517
3898878095
5193867699
6156623083
6245044098
6187461807
6432096587
5580939506
6316419757
6212005626
2391195543
5133979227
2311862364
5380819438
6128350325
6411074526
1173544292
5174068425
1934183965
5854465557
3817188860
5909185172
5601768784
5953365159
5518910047
6433037031
2722739261
5931636795
5525345736
3188046830
5940735378
6340114654
5771604543
6381111913
6434734910
6410611708
5406354692
6316224503
6434759923
6434736775
6374171490
6428938696
5499490362
6434758042
5653051757
6407381530
6347893364
6428272531
6004425575
6434760047
6423096406
6434757462
6430102172
6089060017
6434736381
3308480597
2311718947
5909199266
5536736693
6375696330
3720345473
6420647392
6305117075
6428942770
6399721943
1270196844
6120680897
1831668971
6434734757
1985291913
